0 0 0.666667
0 15 -0.166667
0 16 -0.333333
0 1 -0.166667
0 30 -0.204124
0 41 0.0527046
0 54 -4.87475e-016
0 65 -4.85305e-015
0 78 5.47855e-017
0 89 -6.22593e-015
0 102 3.77957e-016
0 113 -1.52152e-014
0 126 -6.40495e-016
0 17 0.204124
0 18 -0.0527046
0 20 5.07227e-016
0 21 -2.68176e-015
0 23 -3.00307e-017
0 24 -2.804e-015
0 26 -3.80333e-016
0 27 -7.94895e-015
0 29 6.2274e-016
0 31 0.204124
0 43 0.0527046
0 55 5.3224e-016
0 67 2.66116e-015
0 79 -1.66967e-017
0 91 2.79653e-015
0 103 -3.98422e-016
0 115 7.95401e-015
0 127 6.25495e-016
0 2 -0.204124
0 4 0.0527046
0 5 -5.07922e-016
0 7 -4.84077e-015
0 8 2.25614e-017
0 10 -6.23928e-015
0 11 3.8049e-016
0 13 -1.51874e-014
0 14 -6.24257e-016
0 32 4.40085e-017
0 33 4.66611e-015
0 34 1.56781e-018
0 35 3.06556e-015
0 36 1.85966e-018
0 37 3.688e-015
0 38 1.89577e-018
0 39 9.45077e-015
0 40 8.62968e-019
0 45 4.70929e-015
0 46 -2.4241e-015
0 47 7.4973e-019
0 48 -7.9155e-016
0 49 -1.84441e-019
0 50 -9.53744e-016
0 51 1.01231e-018
0 52 -2.44022e-015
0 53 5.5396e-019
0 56 2.50171e-017
0 57 1.56796e-018
0 58 -9.35442e-019
0 59 2.2115e-018
0 60 -1.00172e-018
0 61 4.9922e-019
0 62 -4.00964e-019
0 63 -2.95435e-018
0 64 -9.1649e-019
0 69 3.07016e-015
0 70 -7.90593e-016
0 71 1.88782e-019
0 72 1.26631e-019
0 73 7.38507e-019
0 74 -5.24102e-019
0 75 -6.70638e-019
0 76 6.97849e-019
0 77 2.45004e-019
0 80 7.72113e-018
0 81 -2.68319e-018
0 82 -1.70984e-018
0 83 1.09087e-018
0 84 3.67295e-019
0 85 1.76215e-018
0 86 -4.86197e-019
0 87 5.07373e-019
0 88 -8.20351e-019
0 93 3.6925e-015
0 94 -9.56368e-016
0 95 1.09045e-018
0 96 -9.10349e-019
0 97 7.25378e-019
0 98 -1.74912e-018
0 99 -9.01984e-019
0 100 8.27339e-019
0 101 3.12661e-019
0 104 -7.34536e-018
0 105 2.51325e-018
0 106 -7.33001e-019
0 107 -1.22544e-018
0 108 -4.67562e-019
0 109 -5.42842e-019
0 110 -7.46448e-019
0 111 -8.4248e-019
0 112 2.82803e-019
0 117 9.45572e-015
0 118 -2.43733e-015
0 119 -1.76257e-018
0 120 9.70594e-019
0 121 4.56551e-019
0 122 7.16802e-019
0 123 -7.17543e-019
0 124 -4.82809e-020
0 125 -2.01911e-019
0 128 -1.70937e-018
0 129 -1.19855e-019
0 130 -8.27234e-019
0 131 2.91697e-019
0 132 -1.6623e-019
0 133 1.51937e-019
0 134 1.88147e-019
0 135 -5.36807e-020
0 136 -1.18161e-019
15 0 -0.166667
15 15 0.666667
15 16 -0.166667
15 1 -0.333333
15 30 -0.204124
15 41 -0.0527046
15 54 -5.35299e-016
15 65 4.8477e-015
15 78 2.74134e-017
15 89 6.25823e-015
15 102 3.77761e-016
15 113 1.51956e-014
15 126 -6.18444e-016
15 17 -0.204124
15 18 0.0527046
15 20 -5.02853e-016
15 21 -4.83641e-015
15 23 2.71051e-017
15 24 -6.24002e-015
15 26 3.78603e-016
15 27 -1.51836e-014
15 29 -6.24717e-016
15 31 0.204124
15 43 -0.0527046
15 55 5.37598e-016
15 67 -2.65276e-015
15 79 -2.35238e-017
15 91 -2.79255e-015
15 103 -3.96032e-016
15 115 -7.95728e-015
15 127 6.19788e-016
15 2 0.204124
15 4 -0.0527046
15 5 5.06577e-016
15 7 -2.68221e-015
15 8 -3.00849e-017
15 10 -2.80422e-015
15 11 -3.80137e-016
15 13 -7.94941e-015
15 14 6.23265e-016
15 32 5.54129e-017
15 33 4.68878e-015
15 34 2.71389e-018
15 35 3.06427e-015
15 36 1.84992e-018
15 37 3.69025e-015
15 38 1.45351e-018
15 39 9.45117e-015
15 40 8.87691e-019
15 45 -4.67321e-015
15 46 2.43319e-015
15 47 -2.23617e-019
15 48 7.91698e-016
15 49 5.42101e-020
15 50 9.52993e-016
15 51 -5.55654e-019
15 52 2.44006e-015
15 53 -5.82759e-019
15 56 2.35441e-017
15 57 -3.93701e-018
15 58 -1.04354e-018
15 59 7.31836e-019
15 60 -1.63308e-018
15 61 1.42302e-019
15 62 -2.50722e-019
15 63 -2.74439e-018
15 64 -8.97855e-019
15 69 -3.07088e-015
15 70 7.94408e-016
15 71 -4.74338e-020
15 72 2.37169e-019
15 73 -1.0842e-018
15 74 6.91179e-019
15 75 3.52366e-019
15 76 -1.24006e-018
15 77 3.38813e-020
15 80 -1.17839e-017
15 81 -1.17907e-018
15 82 -2.05321e-018
15 83 1.00966e-018
15 84 5.75982e-019
15 85 1.33492e-018
15 86 -6.1664e-019
15 87 3.79471e-019
15 88 -7.65718e-019
15 93 -3.69741e-015
15 94 9.52004e-016
15 95 -2.84603e-019
15 96 1.96512e-019
15 97 -1.33492e-018
15 98 1.89058e-018
15 99 5.28549e-019
15 100 -8.40257e-019
15 101 -1.21973e-019
15 104 4.66207e-018
15 105 3.38136e-018
15 106 -1.69407e-019
15 107 -1.65341e-018
15 108 -3.04932e-019
15 109 -7.04731e-019
15 110 -8.47033e-019
15 111 -1.12486e-018
15 112 2.03288e-019
15 117 -9.45162e-015
15 118 2.4418e-015
15 119 1.92446e-018
15 120 -1.6263e-019
15 121 -7.58942e-019
15 122 -1.25361e-018
15 123 7.31836e-019
15 124 1.15196e-019
15 125 1.55854e-019
15 128 -8.40257e-019
15 129 -1.15196e-018
15 130 -1.30104e-018
15 131 -2.71051e-020
15 132 -4.40457e-019
15 133 2.03288e-019
15 134 4.26905e-019
15 135 9.48677e-020
15 136 -1.49078e-019
16 0 -0.333333
16 15 -0.166667
16 16 0.666667
16 1 -0.166667
16 30 0.204124
16 41 0.0527046
16 54 5.37707e-016
16 65 2.65243e-015
16 78 -1.65883e-017
16 89 2.79385e-015
16 102 -3.95571e-016
16 113 7.9575e-015
16 126 6.21495e-016
16 17 -0.204124
16 18 -0.0527046
16 20 -5.0784e-016
16 21 4.85137e-015
16 23 2.49366e-017
16 24 6.23828e-015
16 26 3.79688e-016
16 27 1.51866e-014
16 29 -6.23633e-016
16 31 -0.204124
16 43 0.0527046
16 55 -5.1131e-016
16 67 -4.85831e-015
16 79 5.00901e-017
16 91 -6.22592e-015
16 103 3.69713e-016
16 115 -1.51996e-014
16 127 -6.38595e-016
16 2 0.204124
16 4 0.0527046
16 5 5.08216e-016
16 7 2.68103e-015
16 8 -2.93819e-017
16 10 2.80352e-015
16 11 -3.82107e-016
16 13 7.9495e-015
16 14 6.22928e-016
16 32 -1.72591e-017
16 33 -4.66989e-015
16 34 4.06576e-018
16 35 -3.06384e-015
16 36 1.32137e-018
16 37 -3.68707e-015
16 38 2.08031e-018
16 39 -9.45018e-015
16 40 9.75782e-019
16 45 -4.69358e-015
16 46 -2.42594e-015
16 47 -1.89735e-018
16 48 -7.92403e-016
16 49 -1.43657e-018
16 50 -9.53176e-016
16 51 -1.16552e-018
16 52 -2.44006e-015
16 53 -4.33681e-019
16 56 3.65918e-017
16 57 -3.03577e-018
16 58 -6.50521e-019
16 59 -1.58565e-018
16 60 -1.17907e-018
16 61 -6.91179e-019
16 62 -3.25261e-019
16 63 2.22261e-018
16 64 -6.77626e-019
16 69 -3.05874e-015
16 70 -7.93595e-016
16 71 -1.20617e-018
16 72 -6.77626e-019
16 73 1.6263e-019
16 74 -1.04354e-018
16 75 6.77626e-019
16 76 8.67362e-019
16 77 -8.13152e-020
16 80 1.51992e-017
16 81 -3.60497e-018
16 82 -1.17907e-018
16 83 -7.58942e-019
16 84 4.06576e-019
16 85 -2.03288e-018
16 86 -4.33681e-019
16 87 -5.69206e-019
16 88 -8.40257e-019
16 93 -3.688e-015
16 94 -9.56402e-016
16 95 1.26039e-018
16 96 -4.20128e-019
16 97 -9.48677e-019
16 98 -1.84314e-018
16 99 6.09864e-019
16 100 9.89334e-019
16 101 -4.87891e-019
16 104 -1.93124e-018
16 105 -8.13152e-019
16 106 -1.87025e-018
16 107 7.31836e-019
16 108 -8.40257e-019
16 109 7.18284e-019
16 110 -7.18284e-019
16 111 7.58942e-019
16 112 3.93023e-019
16 117 -9.45167e-015
16 118 -2.4397e-015
16 119 3.37458e-018
16 120 1.63986e-018
16 121 -3.93023e-019
16 122 1.0571e-018
16 123 8.67362e-019
16 124 1.35525e-020
16 125 2.71051e-020
16 128 -1.53144e-018
16 129 4.3097e-018
16 130 -1.91091e-018
16 131 -4.87891e-019
16 132 -3.25261e-019
16 133 6.77626e-020
16 134 6.09864e-019
16 135 4.06576e-020
16 136 -1.0842e-019
1 0 -0.166667
1 15 -0.333333
1 16 -0.166667
1 1 0.666667
1 30 0.204124
1 41 -0.0527046
1 54 5.3907e-016
1 65 -2.65211e-015
1 78 -1.84314e-017
1 89 -2.79999e-015
1 102 -3.98775e-016
1 113 -7.95162e-015
1 126 6.28978e-016
1 17 0.204124
1 18 0.0527046
1 20 5.08216e-016
1 21 2.68146e-015
1 23 -2.97038e-017
1 24 2.80379e-015
1 26 -3.81436e-016
1 27 7.94972e-015
1 29 6.22545e-016
1 31 -0.204124
1 43 -0.0527046
1 55 -5.54461e-016
1 67 4.84053e-015
1 79 3.44776e-017
1 91 6.22787e-015
1 103 3.69713e-016
1 115 1.51892e-014
1 127 -6.21682e-016
1 2 -0.204124
1 4 -0.0527046
1 5 -5.02516e-016
1 7 4.84502e-015
1 8 2.77319e-017
1 10 6.23974e-015
1 11 3.79679e-016
1 13 1.51885e-014
1 14 -6.23243e-016
1 32 4.47471e-017
1 33 -4.68722e-015
1 34 4.57737e-018
1 35 -3.06309e-015
1 36 8.60585e-019
1 37 -3.68778e-015
1 38 1.0842e-018
1 39 -9.4504e-015
1 40 1.42302e-018
1 45 4.68133e-015
1 46 2.43407e-015
1 47 3.15774e-018
1 48 7.90485e-016
1 49 9.55453e-019
1 50 9.53529e-016
1 51 2.08031e-018
1 52 2.43969e-015
1 53 5.0822e-019
1 56 2.52687e-017
1 57 4.01832e-018
1 58 -9.28348e-019
1 59 -1.04354e-018
1 60 -1.47045e-018
1 61 -4.81115e-019
1 62 -4.13352e-019
1 63 2.13452e-018
1 64 -4.94667e-019
1 69 3.06179e-015
1 70 7.97194e-016
1 71 1.3417e-018
1 72 1.21973e-019
1 73 4.67562e-019
1 74 3.998e-019
1 75 -1.19262e-018
1 76 -9.35124e-019
1 77 5.6243e-019
1 80 -1.20821e-017
1 81 4.43168e-018
1 82 -1.42302e-018
1 83 -1.13841e-018
1 84 3.52366e-019
1 85 -1.49755e-018
1 86 -5.01444e-019
1 87 -6.23416e-019
1 88 -4.20128e-019
1 93 3.69107e-015
1 94 9.53569e-016
1 95 -2.77827e-019
1 96 -4.06576e-020
1 97 1.65341e-018
1 98 2.03966e-018
1 99 -6.09864e-019
1 100 -7.2506e-019
1 101 2.30393e-019
1 104 1.31121e-018
1 105 -2.75116e-018
1 106 -1.32137e-018
1 107 1.54499e-018
1 108 -7.52165e-019
1 109 5.75982e-019
1 110 -6.23416e-019
1 111 9.69006e-019
1 112 3.72694e-019
1 117 9.4517e-015
1 118 2.43801e-015
1 119 -7.65718e-019
1 120 -1.10453e-018
1 121 3.86247e-019
1 122 -7.99599e-019
1 123 -6.57298e-019
1 124 1.21973e-019
1 125 -8.13152e-020
1 128 4.06915e-018
1 129 2.50722e-018
1 130 -4.09964e-019
1 131 5.6243e-019
1 132 -1.6263e-019
1 133 -2.03288e-019
1 134 3.998e-019
1 135 6.77626e-020
1 136 -1.55854e-019
30 0 -0.204124
30 15 -0.204124
30 16 0.204124
30 1 0.204124
30 30 0.866667
30 41 -9.92617e-019
30 54 -0.0218218
30 65 -1.37281e-017
30 78 1.38986e-014
30 89 -4.16857e-018
30 102 2.55725e-014
30 113 -2.70362e-018
30 126 1.72351e-014
30 17 5.54163e-017
30 18 4.68922e-015
30 20 4.23516e-018
30 21 3.06807e-015
30 23 1.07743e-018
30 24 3.69204e-015
30 26 2.37508e-018
30 27 9.44246e-015
30 29 1.51449e-018
30 31 0.133333
30 43 -1.48739e-017
30 55 0.0218218
30 67 -4.04543e-018
30 79 6.90244e-015
30 91 -1.53482e-018
30 103 1.35315e-014
30 115 1.46028e-018
30 127 7.79698e-015
30 2 3.0146e-017
30 4 4.6711e-015
30 5 7.09554e-018
30 7 3.06882e-015
30 8 1.15662e-018
30 10 3.69127e-015
30 11 2.57429e-018
30 13 9.4422e-015
30 14 6.86785e-019
30 32 -0.408248
30 33 0.105409
30 34 -1.00722e-015
30 35 -2.64859e-015
30 36 4.17157e-017
30 37 -4.04541e-015
30 38 7.59737e-016
30 39 -8.79547e-015
30 40 -1.24866e-015
30 45 -6.53401e-018
30 46 -3.36952e-017
30 47 7.55765e-019
30 48 -4.62268e-019
30 49 -1.35102e-019
30 50 -1.01644e-019
30 51 -8.83032e-020
30 52 -1.39337e-019
30 53 6.75721e-019
30 56 -9.56434e-015
30 57 2.97731e-015
30 58 -2.7266e-018
30 59 3.28523e-016
30 60 4.50113e-018
30 61 3.92614e-016
30 62 -8.87691e-019
30 63 1.01179e-015
30 64 -2.60463e-019
30 69 -2.92e-017
30 70 -6.44232e-018
30 71 1.96935e-018
30 72 -2.54533e-019
30 73 1.16891e-019
30 74 3.39448e-019
30 75 -2.55804e-019
30 76 -1.73642e-020
30 77 7.89858e-020
30 80 -8.48638e-015
30 81 2.19502e-015
30 82 -1.83319e-018
30 83 6.47345e-019
30 84 -3.30131e-019
30 85 -1.50666e-018
30 86 1.58882e-018
30 87 -1.55113e-018
30 88 -6.69156e-019
30 93 1.52741e-018
30 94 -6.0925e-018
30 95 -1.19305e-018
30 96 2.42887e-019
30 97 1.31714e-019
30 98 1.59242e-019
30 99 -9.97381e-020
30 100 3.29708e-019
30 101 2.28275e-019
30 104 -1.59435e-014
30 105 4.11131e-015
30 106 5.80006e-019
30 107 2.25311e-018
30 108 -2.12224e-018
30 109 -1.01199e-018
30 110 1.62355e-018
30 111 1.04037e-018
30 112 -1.16382e-018
30 117 -5.7431e-018
30 118 -2.52966e-018
30 119 -2.52839e-019
30 120 -5.61159e-020
30 121 4.29234e-019
30 122 2.81638e-020
30 123 2.20229e-020
30 124 9.33854e-020
30 125 -1.27055e-019
30 128 -1.01953e-014
30 129 2.62997e-015
30 130 4.38064e-018
30 131 3.60667e-018
30 132 -3.48342e-019
30 133 -7.5873e-019
30 134 5.95041e-020
30 135 -3.87518e-019
30 136 -2.49726e-018
41 0 0.0527046
41 15 -0.0527046
41 16 0.0527046
41 1 -0.0527046
41 30 -9.92617e-019
41 41 0.714286
41 54 7.74024e-017
41 65 -0.0106479
41 78 -2.63592e-017
41 89 2.83632e-014
41 102 -4.21934e-017
41 113 1.96772e-014
41 126 1.99438e-017
41 17 -4.67999e-015
41 18 2.43135e-015
41 20 -2.62241e-018
41 21 7.93643e-016
41 23 1.3146e-018
41 24 9.55778e-016
41 26 -2.15485e-018
41 27 2.43857e-015
41 29 -5.11608e-019
41 31 -1.03846e-017
41 43 -0.285714
41 55 1.39794e-017
41 67 -0.0106479
41 79 -1.07268e-017
41 91 -1.47179e-014
41 103 6.97955e-018
41 115 -9.60546e-015
41 127 4.5401e-019
41 2 4.71003e-015
41 4 -2.42291e-015
41 5 7.4973e-019
41 7 -7.95019e-016
41 8 -8.90867e-019
41 10 -9.55519e-016
41 11 1.82546e-018
41 13 -2.43792e-015
41 14 2.28699e-019
41 32 1.38761e-017
41 33 -3.13099e-017
41 34 -8.47033e-020
41 35 4.25211e-019
41 36 -5.62006e-019
41 37 2.23617e-019
41 38 4.87044e-020
41 39 6.3951e-020
41 40 2.28487e-019
41 45 -0.408248
41 46 0.105409
41 47 -9.99067e-016
41 48 -3.65423e-016
41 49 4.86136e-017
41 50 -1.28493e-015
41 51 7.59824e-016
41 52 -1.7363e-015
41 53 -1.24754e-015
41 56 6.09029e-017
41 57 -5.40746e-018
41 58 -8.97008e-019
41 59 2.63851e-019
41 60 1.6136e-019
41 61 -4.40457e-020
41 62 1.50772e-019
41 63 -1.19432e-019
41 64 2.85874e-020
41 69 -1.27913e-014
41 70 3.54447e-015
41 71 -2.06295e-018
41 72 1.59836e-016
41 73 -8.0934e-019
41 74 1.93683e-016
41 75 1.6856e-018
41 76 4.91465e-016
41 77 -2.46063e-019
41 80 1.30036e-017
41 81 9.65173e-018
41 82 -1.86347e-019
41 83 -5.50995e-019
41 84 -5.37866e-020
41 85 -4.44692e-019
41 86 8.97855e-020
41 87 -1.54584e-019
41 88 5.12455e-020
41 93 -1.75928e-014
41 94 4.53649e-015
41 95 3.68756e-018
41 96 3.37585e-018
41 97 -2.19339e-018
41 98 -8.27975e-019
41 99 1.1905e-018
41 100 -8.00446e-020
41 101 -3.64648e-019
41 104 3.18844e-018
41 105 -5.96099e-018
41 106 -2.46487e-019
41 107 1.56701e-020
41 108 4.01917e-019
41 109 1.70254e-019
41 110 -8.38563e-020
41 111 -1.45266e-019
41 112 3.81165e-020
41 117 -1.19644e-014
41 118 3.09666e-015
41 119 -8.04681e-020
41 120 3.782e-019
41 121 -6.71274e-019
41 122 1.52042e-018
41 123 1.02491e-018
41 124 5.83182e-019
41 125 -5.41889e-019
41 128 3.3479e-018
41 129 -2.30308e-018
41 130 -2.68933e-019
41 131 3.26108e-020
41 132 -5.84453e-020
41 133 -3.19331e-019
41 134 -1.46537e-019
41 135 1.48654e-019
41 136 -6.75509e-020
54 0 -4.87475e-016
54 15 -5.35299e-016
54 16 5.37707e-016
54 1 5.3907e-016
54 30 -0.0218218
54 41 7.74024e-017
54 54 0.688889
54 65 -2.45001e-017
54 78 -0.00633114
54 89 -7.91065e-018
54 102 1.97052e-014
54 113 -6.14978e-018
54 126 2.07764e-014
54 17 2.46012e-017
54 18 -3.99122e-018
54 20 -1.07065e-018
54 21 9.62229e-019
54 23 -1.17229e-018
54 24 -3.59142e-019
54 26 2.30393e-019
54 27 -2.90024e-018
54 29 -1.32137e-019
54 31 0.0218218
54 43 -1.57074e-017
54 55 0.311111
54 67 8.94467e-019
54 79 0.00633114
54 91 4.68917e-018
54 103 9.71523e-015
54 115 1.1601e-017
54 127 1.03989e-014
54 2 1.79443e-017
54 4 5.09501e-018
54 5 -9.35442e-019
54 7 1.56098e-018
54 8 -5.95147e-019
54 10 -5.29078e-019
54 11 4.33363e-019
54 13 -2.95392e-018
54 14 -5.59042e-020
54 32 -9.55568e-015
54 33 2.96999e-015
54 34 -4.43443e-018
54 35 3.29201e-016
54 36 2.87483e-018
54 37 3.93373e-016
54 38 3.59565e-019
54 39 1.01159e-015
54 40 1.12655e-019
54 45 5.30357e-017
54 46 -3.94379e-018
54 47 2.95614e-019
54 48 -1.03719e-018
54 49 -6.90332e-020
54 50 6.77626e-021
54 51 5.67512e-020
54 52 -1.75336e-019
54 53 -5.23043e-020
54 56 -0.408248
54 57 0.105409
54 58 -1.0052e-015
54 59 1.69898e-017
54 60 4.79239e-017
54 61 -8.29926e-016
54 62 7.61878e-016
54 63 -5.60402e-016
54 64 -1.2483e-015
54 69 8.62866e-017
54 70 4.31436e-018
54 71 7.4793e-019
54 72 1.43572e-019
54 73 -2.67662e-019
54 74 -3.17637e-020
54 75 -2.14299e-019
54 76 -3.68459e-020
54 77 -1.37643e-019
54 80 -2.14344e-014
54 81 5.68331e-015
54 82 2.40515e-018
54 83 9.47161e-017
54 84 -3.91753e-019
54 85 1.13204e-016
54 86 -2.80791e-019
54 87 2.9361e-016
54 88 4.91703e-019
54 93 -1.46096e-017
54 94 1.07992e-017
54 95 3.25684e-019
54 96 -2.24464e-020
54 97 2.96462e-019
54 98 1.85924e-019
54 99 -3.09167e-020
54 100 -2.65121e-019
54 101 2.25734e-019
54 104 -1.20295e-014
54 105 3.10525e-015
54 106 -7.15319e-019
54 107 2.02017e-018
54 108 2.53263e-019
54 109 -3.92176e-019
54 110 3.09379e-018
54 111 -4.87891e-019
54 112 -7.11508e-020
54 117 1.81142e-017
54 118 -5.56077e-019
54 119 4.38763e-019
54 120 -3.58295e-019
54 121 -1.79147e-019
54 122 7.6233e-020
54 123 -1.35525e-020
54 124 -1.16467e-019
54 125 7.41154e-020
54 128 -1.27533e-014
54 129 3.29105e-015
54 130 1.71609e-018
54 131 -1.2121e-018
54 132 -4.68833e-019
54 133 -2.12563e-018
54 134 3.3335e-018
54 135 -5.80641e-019
54 136 4.42998e-019
65 0 -4.85305e-015
65 15 4.8477e-015
65 16 2.65243e-015
65 1 -2.65211e-015
65 30 -1.37281e-017
65 41 -0.0106479
65 54 -2.45001e-017
65 65 0.679654
65 78 -3.65912e-017
65 89 -0.00420227
65 102 -6.35381e-018
65 113 2.50903e-014
65 126 -4.30303e-018
65 17 -3.07586e-015
65 18 7.9777e-016
65 20 -1.28749e-019
65 21 -4.26905e-019
65 23 -8.60585e-019
65 24 7.58942e-019
65 26 3.79471e-019
65 27 -5.21772e-019
65 29 5.14996e-019
65 31 1.04964e-017
65 43 -0.0106479
65 55 7.86047e-019
65 67 -0.320346
65 79 -2.48689e-018
65 91 -0.00420227
65 103 -4.80437e-018
65 115 -1.25545e-014
65 127 -2.07015e-018
65 2 3.06132e-015
65 4 -7.93466e-016
65 5 7.44436e-019
65 7 -1.91853e-019
65 8 1.28061e-018
65 10 -9.05266e-019
65 11 -6.64709e-019
65 13 8.6048e-019
65 14 -4.05517e-019
65 32 -1.44548e-017
65 33 -9.80335e-018
65 34 4.51469e-019
65 35 -1.05879e-020
65 36 5.43795e-019
65 37 3.42837e-019
65 38 3.03238e-019
65 39 -1.80418e-019
65 40 -8.36445e-020
65 45 -1.28193e-014
65 46 3.54073e-015
65 47 -5.45066e-019
65 48 1.59402e-016
65 49 -1.69025e-018
65 50 1.92437e-016
65 51 1.80757e-018
65 52 4.92035e-016
65 53 -6.79744e-019
65 56 8.35761e-017
65 57 -3.32249e-018
65 58 1.84568e-018
65 59 1.50348e-019
65 60 4.91279e-019
65 61 -2.4564e-020
65 62 1.14349e-019
65 63 2.90109e-019
65 64 6.56451e-020
65 69 -0.408248
65 70 0.105409
65 71 -9.97714e-016
65 72 1.56925e-016
65 73 4.59829e-017
65 74 -6.60903e-016
65 75 7.6283e-016
65 76 -1.31338e-016
65 77 -1.24921e-015
65 80 -5.68302e-017
65 81 -4.12505e-019
65 82 -2.73592e-019
65 83 -1.05583e-018
65 84 8.97855e-020
65 85 -8.04681e-020
65 86 2.84603e-019
65 87 -8.04681e-020
65 88 -2.71051e-020
65 93 -1.60563e-014
65 94 4.24042e-015
65 95 3.02814e-018
65 96 6.23077e-017
65 97 -3.83706e-019
65 98 7.64015e-017
65 99 1.09775e-018
65 100 1.93509e-016
65 101 2.44793e-019
65 104 1.46571e-017
65 105 -2.6258e-020
65 106 -1.32561e-019
65 107 -8.34327e-020
65 108 1.17314e-019
65 109 -2.31664e-019
65 110 -1.89312e-019
65 111 4.74338e-020
65 112 7.15743e-020
65 117 -1.5358e-014
65 118 3.97086e-015
65 119 2.03076e-018
65 120 -4.77727e-019
65 121 1.63901e-018
65 122 3.87941e-019
65 123 -4.8662e-019
65 124 -8.05528e-019
65 125 -4.84503e-019
65 128 -1.07338e-017
65 129 5.35748e-019
65 130 2.00323e-019
65 131 -2.23617e-019
65 132 -4.65868e-021
65 133 1.62207e-019
65 134 2.24887e-019
65 135 -1.05032e-019
65 136 4.23516e-022
78 0 5.47855e-017
78 15 2.74134e-017
78 16 -1.65883e-017
78 1 -1.84314e-017
78 30 1.38986e-014
78 41 -2.63592e-017
78 54 -0.00633114
78 65 -3.65912e-017
78 78 0.675214
78 89 6.18915e-017
78 102 -0.00299423
78 113 -4.90731e-017
78 126 3.15851e-014
78 17 -1.04897e-017
78 18 -3.19162e-018
78 20 -7.45389e-019
78 21 2.75794e-018
78 23 1.12486e-018
78 24 6.57298e-019
78 26 -2.91379e-019
78 27 7.72494e-019
78 29 -7.7927e-019
78 31 6.90195e-015
78 43 9.6494e-018
78 55 0.00633114
78 67 7.58942e-019
78 79 0.324786
78 91 2.06066e-017
78 103 0.00299423
78 115 -8.87691e-018
78 127 1.5989e-014
78 2 -1.16933e-018
78 4 -2.41214e-018
78 5 -1.60481e-018
78 7 1.52455e-018
78 8 1.50581e-018
78 10 6.7625e-019
78 11 -4.11658e-019
78 13 9.87958e-019
78 14 -9.28772e-019
78 32 -8.46404e-015
78 33 2.20423e-015
78 34 -9.84676e-020
78 35 2.27365e-018
78 36 7.60847e-019
78 37 -4.1907e-019
78 38 1.79359e-019
78 39 -1.34742e-018
78 40 -1.38744e-018
78 45 1.38712e-017
78 46 6.12807e-018
78 47 -2.33781e-019
78 48 -1.98629e-019
78 49 -6.02664e-019
78 50 4.83232e-019
78 51 -1.67713e-019
78 52 8.04681e-021
78 53 -1.38913e-019
78 56 -2.14298e-014
78 57 5.67898e-015
78 58 -1.83383e-019
78 59 9.5807e-017
78 60 -2.22854e-018
78 61 1.1256e-016
78 62 6.97955e-019
78 63 2.9307e-016
78 64 -5.11184e-019
78 69 -2.61331e-018
78 70 4.14114e-018
78 71 2.23363e-018
78 72 5.16267e-019
78 73 1.03338e-019
78 74 -2.36746e-019
78 75 -4.40457e-020
78 76 -8.21622e-020
78 77 0
78 80 -0.408248
78 81 0.105409
78 82 -1.00006e-015
78 83 2.20026e-016
78 84 4.65457e-017
78 85 -5.81353e-016
78 86 7.6379e-016
78 87 7.56057e-017
78 88 -1.24879e-015
78 93 1.80996e-017
78 94 -1.65015e-017
78 95 3.81165e-021
78 96 2.02864e-019
78 97 2.83756e-020
78 98 1.57548e-019
78 99 2.49875e-020
78 100 8.30092e-020
78 101 2.87991e-020
78 104 -1.82068e-014
78 105 4.7756e-015
78 106 7.30566e-019
78 107 4.74237e-017
78 108 1.38786e-018
78 109 5.39204e-017
78 110 2.44793e-019
78 111 1.383e-016
78 112 -1.3849e-019
78 117 -1.05752e-018
78 118 3.62488e-018
78 119 8.58044e-019
78 120 -5.18384e-019
78 121 -4.21822e-019
78 122 -1.999e-019
78 123 9.61382e-020
78 124 1.27055e-019
78 125 1.11385e-019
78 128 -1.94745e-014
78 129 5.01712e-015
78 130 1.55854e-019
78 131 1.81011e-018
78 132 -5.55654e-019
78 133 1.69407e-021
78 134 5.52689e-019
78 135 -3.45589e-019
78 136 -1.0842e-018
89 0 -6.22593e-015
89 15 6.25823e-015
89 16 2.79385e-015
89 1 -2.79999e-015
89 30 -4.16857e-018
89 41 2.83632e-014
89 54 -7.91065e-018
89 65 -0.00420227
89 78 6.18915e-017
89 89 0.672727
89 102 2.11741e-017
89 113 -0.00224224
89 126 -2.28044e-017
89 17 -3.70082e-015
89 18 9.52106e-016
89 20 7.86047e-019
89 21 3.79471e-019
89 23 -1.28749e-019
89 24 1.29427e-018
89 26 -9.48677e-020
89 27 -9.55453e-019
89 29 -5.42101e-020
89 31 4.03188e-019
89 43 -1.47185e-014
89 55 4.60786e-019
89 67 -0.00420227
89 79 1.32273e-017
89 91 -0.327273
89 103 6.5662e-018
89 115 -0.00224224
89 127 3.90313e-018
89 2 3.68539e-015
89 4 -9.5344e-016
89 5 -2.24347e-018
89 7 2.68721e-019
89 8 -4.6555e-019
89 10 -1.47627e-018
89 11 5.4316e-020
89 13 8.34116e-019
89 14 1.66971e-019
89 32 1.88746e-017
89 33 -1.2138e-018
89 34 1.55007e-019
89 35 5.88476e-019
89 36 5.72171e-019
89 37 2.20229e-019
89 38 -4.5528e-020
89 39 -3.21661e-019
89 40 -2.05194e-019
89 45 -1.75928e-014
89 46 4.53882e-015
89 47 4.82809e-020
89 48 2.21753e-018
89 49 -3.50799e-018
89 50 -1.21422e-018
89 51 2.59658e-018
89 52 -1.32857e-018
89 53 -4.73068e-019
89 56 -2.98156e-019
89 57 7.38401e-018
89 58 3.25684e-019
89 59 2.48604e-019
89 60 7.96211e-020
89 61 -1.93547e-019
89 62 7.75035e-020
89 63 -1.55007e-019
89 64 4.91279e-020
89 69 -1.60563e-014
89 70 4.24973e-015
89 71 2.09259e-018
89 72 6.30667e-017
89 73 4.36222e-019
89 74 7.66112e-017
89 75 2.43607e-018
89 76 1.94566e-016
89 77 -4.05729e-019
89 80 4.38973e-017
89 81 -1.47667e-017
89 82 -4.43422e-019
89 83 -2.3124e-019
89 84 -3.03661e-019
89 85 -3.37119e-019
89 86 -1.95241e-019
89 87 2.72745e-019
89 88 2.87991e-020
89 93 -0.408248
89 94 0.105409
89 95 -1.00173e-015
89 96 2.6016e-016
89 97 4.92884e-017
89 98 -5.3722e-016
89 99 7.62061e-016
89 100 1.89333e-016
89 101 -1.24872e-015
89 104 -9.68752e-018
89 105 -1.01441e-017
89 106 5.68359e-019
89 107 -3.74812e-019
89 108 5.71747e-020
89 109 -1.37219e-019
89 110 2.49875e-020
89 111 -3.38813e-021
89 112 1.10114e-020
89 117 -2.4062e-014
89 118 6.26856e-015
89 119 -9.36395e-019
89 120 3.31351e-017
89 121 8.04681e-019
89 122 4.18887e-017
89 123 1.26758e-018
89 124 1.03902e-016
89 125 -1.27648e-018
89 128 -6.16344e-018
89 129 6.68309e-019
89 130 1.6136e-019
89 131 3.0112e-019
89 132 -5.0822e-021
89 133 -1.36796e-019
89 134 1.49078e-019
89 135 1.18585e-019
89 136 8.85149e-020
102 0 3.77957e-016
102 15 3.77761e-016
102 16 -3.95571e-016
102 1 -3.98775e-016
102 30 2.55725e-014
102 41 -4.21934e-017
102 54 1.97052e-014
102 65 -6.35381e-018
102 78 -0.00299423
102 89 2.11741e-017
102 102 0.671192
102 113 -3.38473e-017
102 126 -0.0017422
102 17 7.77237e-018
102 18 3.47622e-018
102 20 7.11508e-019
102 21 -1.43657e-018
102 23 -6.91179e-019
102 24 2.43945e-019
102 26 3.45589e-019
102 27 5.28549e-019
102 29 1.49078e-019
102 31 1.35345e-014
102 43 -7.84691e-018
102 55 9.70656e-015
102 67 1.16823e-017
102 79 0.00299423
102 91 -6.62041e-018
102 103 0.328808
102 115 1.71507e-017
102 127 0.0017422
102 2 1.49263e-018
102 4 2.08296e-018
102 5 1.34361e-019
102 7 -6.22357e-019
102 8 2.91379e-019
102 10 -4.12929e-021
102 11 1.2102e-019
102 13 5.73759e-019
102 14 1.40502e-019
102 32 -1.59513e-014
102 33 4.11781e-015
102 34 2.28762e-018
102 35 5.11396e-019
102 36 -5.54807e-020
102 37 -3.61471e-019
102 38 2.92629e-018
102 39 7.01555e-019
102 40 4.0827e-019
102 45 -1.78519e-017
102 46 -8.11034e-019
102 47 -3.54907e-019
102 48 -4.44692e-019
102 49 -2.62157e-019
102 50 -3.21025e-019
102 51 1.05879e-020
102 52 -1.72371e-019
102 53 1.46537e-019
102 56 -1.20251e-014
102 57 3.10199e-015
102 58 3.62827e-018
102 59 9.35971e-019
102 60 3.59989e-020
102 61 -1.20702e-019
102 62 1.35822e-018
102 63 -2.69356e-019
102 64 -4.40457e-020
102 69 1.30778e-017
102 70 7.53859e-020
102 71 2.32934e-020
102 72 -5.2389e-019
102 73 -7.43271e-019
102 74 -1.77453e-019
102 75 5.46336e-020
102 76 -6.77626e-021
102 77 5.80218e-020
102 80 -1.82222e-014
102 81 4.76605e-015
102 82 2.45851e-018
102 83 4.54653e-017
102 84 9.53759e-019
102 85 5.29857e-017
102 86 3.49825e-019
102 87 1.36754e-016
102 88 -6.79744e-019
102 93 2.32511e-019
102 94 -3.63928e-018
102 95 -2.11758e-020
102 96 2.21499e-019
102 97 -4.84926e-019
102 98 1.41031e-019
102 99 -1.927e-019
102 100 -8.38563e-020
102 101 1.10114e-020
102 104 -0.408248
102 105 0.105409
102 106 -9.98568e-016
102 107 2.83798e-016
102 108 4.76634e-017
102 109 -5.07836e-016
102 110 7.62597e-016
102 111 2.59083e-016
102 112 -1.24759e-015
102 117 -4.6904e-017
102 118 -1.0122e-019
102 119 -7.91976e-020
102 120 -2.47757e-019
102 121 1.02915e-019
102 122 1.27478e-019
102 123 -1.63901e-019
102 124 -1.09267e-019
102 125 -1.18161e-019
102 128 -1.3599e-014
102 129 3.54718e-015
102 130 -1.00416e-018
102 131 2.66002e-017
102 132 -4.82385e-019
102 133 3.10247e-017
102 134 2.24718e-018
102 135 8.105e-017
102 136 -6.0224e-019
113 0 -1.52152e-014
113 15 1.51956e-014
113 16 7.9575e-015
113 1 -7.95162e-015
113 30 -2.70362e-018
113 41 1.96772e-014
113 54 -6.14978e-018
113 65 2.50903e-014
113 78 -4.90731e-017
113 89 -0.00224224
113 102 -3.38473e-017
113 113 0.670175
113 126 3.77766e-018
113 17 -9.4445e-015
113 18 2.43746e-015
113 20 2.81215e-018
113 21 -4.06576e-019
113 23 -6.09864e-019
113 24 -1.37558e-018
113 26 -4.87891e-019
113 27 1.15874e-018
113 29 -5.28549e-019
113 31 -1.13164e-018
113 43 -9.60508e-015
113 55 -4.22839e-018
113 67 -1.25543e-014
113 79 6.92534e-018
113 91 -0.00224224
113 103 9.08019e-018
113 115 -0.329825
113 127 -1.69068e-018
113 2 9.4434e-015
113 4 -2.43836e-015
113 5 -3.09072e-018
113 7 8.09658e-019
113 8 5.10655e-019
113 10 1.05561e-018
113 11 2.5231e-019
113 13 -7.66565e-019
113 14 3.80635e-019
113 32 -5.60757e-018
113 33 -2.63808e-018
113 34 4.5168e-019
113 35 -1.44207e-019
113 36 -5.52689e-020
113 37 -1.88677e-019
113 38 1.84653e-019
113 39 9.25383e-020
113 40 -2.41828e-019
113 45 -1.19488e-014
113 46 3.09313e-015
113 47 5.70053e-019
113 48 -2.77234e-018
113 49 -9.41901e-019
113 50 9.78323e-019
113 51 8.04681e-019
113 52 -3.926e-019
113 53 2.71262e-019
113 56 6.68245e-018
113 57 -1.22396e-019
113 58 -8.08069e-019
113 59 4.00647e-019
113 60 -2.80368e-019
113 61 2.42675e-019
113 62 9.48677e-020
113 63 4.87044e-020
113 64 4.65868e-020
113 69 -1.53647e-014
113 70 3.97584e-015
113 71 5.76448e-018
113 72 3.29072e-019
113 73 1.00246e-018
113 74 -2.15146e-019
113 75 -1.08632e-018
113 76 -7.49624e-020
113 77 -5.0822e-020
113 80 -5.40111e-018
113 81 2.74396e-018
113 82 6.34428e-019
113 83 -8.47033e-020
113 84 4.59092e-019
113 85 5.75982e-020
113 86 1.4696e-019
113 87 -8.89385e-021
113 88 -5.0822e-020
113 93 -2.40594e-014
113 94 6.27029e-015
113 95 -3.94294e-019
113 96 3.24778e-017
113 97 -1.14646e-018
113 98 4.05271e-017
113 99 1.83383e-019
113 100 1.0325e-016
113 101 -3.67612e-019
113 104 -1.82811e-017
113 105 4.23601e-018
113 106 -1.82112e-020
113 107 4.30293e-019
113 108 2.18111e-019
113 109 -1.43572e-019
113 110 2.12182e-019
113 111 -1.69407e-021
113 112 -4.99749e-020
113 117 -0.408248
113 118 0.105409
113 119 -9.98468e-016
113 120 2.95199e-016
113 121 4.54912e-017
113 122 -4.86559e-016
113 123 7.62742e-016
113 124 3.06042e-016
113 125 -1.24877e-015
113 128 -1.73506e-017
113 129 -8.15185e-018
113 130 -4.74762e-019
113 131 3.43048e-020
113 132 1.97359e-019
113 133 4.44692e-020
113 134 9.69853e-020
113 135 -2.15993e-020
113 136 -1.44419e-019
126 0 -6.40495e-016
126 15 -6.18444e-016
126 16 6.21495e-016
126 1 6.28978e-016
126 30 1.72351e-014
126 41 1.99438e-017
126 54 2.07764e-014
126 65 -4.30303e-018
126 78 3.15851e-014
126 89 -2.28044e-017
126 102 -0.0017422
126 113 3.77766e-018
126 126 0.669468
126 17 -4.69595e-018
126 18 3.45589e-019
126 20 -3.25261e-019
126 21 -2.43945e-019
126 23 -8.47033e-019
126 24 -1.35525e-020
126 26 1.55854e-019
126 27 7.31836e-019
126 29 -5.82759e-019
126 31 7.78912e-015
126 43 -5.04832e-019
126 55 1.04054e-014
126 67 2.07692e-018
126 79 1.59851e-014
126 91 -3.84892e-018
126 103 0.0017422
126 115 6.60686e-019
126 127 0.330532
126 2 2.62744e-018
126 4 1.10538e-019
126 5 -9.33854e-019
126 7 7.48565e-020
126 8 -1.10135e-018
126 10 -2.27534e-019
126 11 4.65974e-019
126 13 6.51051e-019
126 14 -3.68883e-019
126 32 -1.0204e-014
126 33 2.64039e-015
126 34 2.64253e-018
126 35 1.26208e-018
126 36 -1.40205e-018
126 37 5.15208e-019
126 38 1.52318e-018
126 39 -2.52204e-019
126 40 -1.21655e-018
126 45 3.78158e-018
126 46 -3.78835e-019
126 47 5.709e-019
126 48 2.49451e-019
126 49 2.60039e-019
126 50 6.3951e-020
126 51 -3.10438e-019
126 52 -1.49501e-019
126 53 9.50794e-020
126 56 -1.27438e-014
126 57 3.29897e-015
126 58 -2.83798e-018
126 59 -1.83552e-018
126 60 1.81477e-018
126 61 -3.33307e-019
126 62 -1.4912e-018
126 63 -4.72221e-019
126 64 -5.33207e-019
126 69 -1.16012e-017
126 70 -8.66938e-019
126 71 1.06091e-018
126 72 2.03288e-020
126 73 -4.65868e-021
126 74 5.03985e-020
126 75 1.53736e-019
126 76 1.10114e-019
126 77 -1.35525e-020
126 80 -1.94684e-014
126 81 5.0156e-015
126 82 -2.57498e-019
126 83 -3.3119e-019
126 84 -2.61564e-018
126 85 2.63004e-019
126 86 8.64397e-019
126 87 7.24637e-019
126 88 -4.47657e-019
126 93 -7.02402e-018
126 94 5.49301e-018
126 95 -1.27055e-021
126 96 -2.41404e-020
126 97 -5.0822e-021
126 98 -2.79521e-020
126 99 -7.7927e-020
126 100 6.43745e-020
126 101 -1.99053e-020
126 104 -1.3599e-014
126 105 3.55272e-015
126 106 7.84776e-019
126 107 2.59497e-017
126 108 -1.83764e-018
126 109 3.26476e-017
126 110 1.89481e-018
126 111 7.97621e-017
126 112 -1.7e-018
126 117 -2.00611e-017
126 118 -4.67605e-018
126 119 1.14349e-019
126 120 -2.8418e-019
126 121 2.48181e-019
126 122 4.78574e-020
126 123 -2.32934e-020
126 124 7.28448e-020
126 125 -5.67512e-020
126 128 -0.408248
126 129 0.105409
126 130 -1.00421e-015
126 131 3.10577e-016
126 132 5.04129e-017
126 133 -4.75902e-016
126 134 7.59844e-016
126 135 3.39024e-016
126 136 -1.24669e-015
17 0 0.204124
17 15 -0.204124
17 16 -0.204124
17 1 0.204124
17 30 5.54163e-017
17 41 -4.67999e-015
17 54 2.46012e-017
17 65 -3.07586e-015
17 78 -1.04897e-017
17 89 -3.70082e-015
17 102 7.77237e-018
17 113 -9.4445e-015
17 126 -4.69595e-018
17 17 0.866667
17 18 6.50521e-018
17 20 -0.0218218
17 21 -8.67362e-019
17 23 1.39372e-014
17 24 -1.73472e-018
17 26 2.55716e-014
17 27 0
17 29 1.72124e-014
17 31 -1.90006e-017
17 43 4.69336e-015
17 55 3.04661e-017
17 67 3.07045e-015
17 79 2.62241e-018
17 91 3.69195e-015
17 103 1.10453e-018
17 115 9.44625e-015
17 127 2.90702e-018
17 2 0.133333
17 4 -6.60686e-019
17 5 0.0218218
17 7 4.1674e-019
17 8 6.9049e-015
17 10 3.38813e-021
17 11 1.35159e-014
17 13 -3.38813e-021
17 14 7.79346e-015
17 32 -0.408248
17 33 2.71051e-020
17 34 -9.57397e-015
17 35 1.35525e-020
17 36 -8.51237e-015
17 37 -8.40257e-019
17 38 -1.59533e-014
17 39 -1.35525e-020
17 40 -1.01971e-014
17 45 -0.105409
17 46 0
17 47 -2.97315e-015
17 48 9.21572e-019
17 49 -2.19475e-015
17 50 4.20128e-019
17 51 -4.11742e-015
17 52 -3.38813e-019
17 53 -2.63238e-015
17 56 -9.98848e-016
17 57 1.5992e-018
17 58 -2.20906e-018
17 59 9.48677e-020
17 60 -1.97867e-018
17 61 -4.06576e-019
17 62 1.92446e-018
17 63 -1.35525e-020
17 64 2.23617e-018
17 69 2.64112e-015
17 70 1.58565e-018
17 71 -3.2999e-016
17 72 4.47233e-019
17 73 -5.28549e-019
17 74 -2.30393e-019
17 75 -1.49078e-018
17 76 2.1684e-019
17 77 -2.87314e-018
17 80 4.47098e-017
17 81 1.3417e-018
17 82 3.14419e-018
17 83 7.58942e-019
17 84 -1.0842e-019
17 85 -2.30393e-019
17 86 -1.63986e-018
17 87 0
17 88 3.11708e-019
17 93 4.02945e-015
17 94 0
17 95 -3.92563e-016
17 96 5.42101e-019
17 97 1.5992e-018
17 98 -1.89735e-019
17 99 1.09775e-018
17 100 2.03288e-019
17 101 7.04731e-019
17 104 7.43275e-016
17 105 1.38236e-018
17 106 2.71051e-020
17 107 5.82759e-019
17 108 2.07354e-018
17 109 9.48677e-020
17 110 1.63986e-018
17 111 1.35525e-020
17 112 4.33681e-019
17 117 8.80088e-015
17 118 8.13152e-020
17 119 -1.01068e-015
17 120 2.57498e-019
17 121 1.72117e-018
17 122 -8.13152e-020
17 123 -8.13152e-019
17 124 0
17 125 1.76183e-019
17 128 -1.25064e-015
17 129 -1.11131e-018
17 130 -1.69407e-018
17 131 3.65918e-019
17 132 -1.04354e-018
17 133 1.35525e-019
17 134 -1.27394e-018
17 135 5.42101e-020
17 136 -2.56143e-018
18 0 -0.0527046
18 15 0.0527046
18 16 -0.0527046
18 1 0.0527046
18 30 4.68922e-015
18 41 2.43135e-015
18 54 -3.99122e-018
18 65 7.9777e-016
18 78 -3.19162e-018
18 89 9.52106e-016
18 102 3.47622e-018
18 113 2.43746e-015
18 126 3.45589e-019
18 17 6.50521e-018
18 18 0.714286
18 20 -8.67362e-019
18 21 -0.0106479
18 23 -2.60209e-018
18 24 2.8394e-014
18 26 1.73472e-018
18 27 1.96848e-014
18 29 0
18 31 -4.66631e-015
18 43 2.42485e-015
18 55 -3.03577e-018
18 67 7.96861e-016
18 79 -1.87025e-018
18 91 9.55521e-016
18 103 -7.58942e-019
18 115 2.44142e-015
18 127 1.0571e-018
18 2 -1.28749e-019
18 4 0.285714
18 5 -6.62041e-018
18 7 0.0106479
18 8 4.33681e-019
18 10 1.46879e-014
18 11 0
18 13 9.61469e-015
18 14 0
18 32 -2.90024e-018
18 33 -0.408248
18 34 3.45589e-018
18 35 -1.27951e-014
18 36 -7.72494e-019
18 37 -1.75996e-014
18 38 0
18 39 -1.19665e-014
18 40 0
18 45 5.42101e-020
18 46 -0.105409
18 47 -1.74828e-018
18 48 -3.54728e-015
18 49 1.35525e-020
18 50 -4.53965e-015
18 51 8.67362e-019
18 52 -3.08878e-015
18 53 0
18 56 1.55854e-018
18 57 -9.83209e-016
18 58 2.62919e-018
18 59 -2.84603e-018
18 60 1.89735e-019
18 61 4.44523e-018
18 62 0
18 63 6.77626e-019
18 64 0
18 69 3.93023e-019
18 70 3.66515e-016
18 71 4.33681e-019
18 72 -1.60218e-016
18 73 -1.89735e-019
18 74 -3.87602e-018
18 75 -2.1684e-019
18 76 -6.77626e-019
18 77 2.1684e-019
18 80 1.6263e-019
18 81 4.20128e-017
18 82 -8.40257e-019
18 83 6.50521e-019
18 84 -1.89735e-019
18 85 -2.22261e-018
18 86 -2.43945e-019
18 87 1.35525e-019
18 88 0
18 93 2.57498e-019
18 94 1.28418e-015
18 95 0
18 96 -1.93801e-016
18 97 0
18 98 1.40946e-018
18 99 -1.0842e-019
18 100 -1.24683e-018
18 101 0
18 104 -2.20906e-018
18 105 7.60866e-016
18 106 2.98156e-019
18 107 1.5992e-018
18 108 3.52366e-019
18 109 1.68051e-018
18 110 -5.42101e-020
18 111 1.46367e-018
18 112 5.42101e-020
18 117 1.40946e-018
18 118 1.73911e-015
18 119 6.23416e-019
18 120 -4.91279e-016
18 121 5.42101e-020
18 122 -2.71051e-020
18 123 2.71051e-020
18 124 -5.96311e-019
18 125 -8.13152e-020
18 128 6.64074e-019
18 129 -1.25082e-015
18 130 5.14996e-019
18 131 -5.42101e-020
18 132 2.98156e-019
18 133 -8.94467e-019
18 134 2.71051e-020
18 135 -5.01444e-019
18 136 0
20 0 5.07227e-016
20 15 -5.02853e-016
20 16 -5.0784e-016
20 1 5.08216e-016
20 30 4.23516e-018
20 41 -2.62241e-018
20 54 -1.07065e-018
20 65 -1.28749e-019
20 78 -7.45389e-019
20 89 7.86047e-019
20 102 7.11508e-019
20 113 2.81215e-018
20 126 -3.25261e-019
20 17 -0.0218218
20 18 -8.67362e-019
20 20 0.688889
20 21 -6.07153e-018
20 23 -0.00633114
20 24 1.73472e-018
20 26 1.97169e-014
20 27 0
20 29 2.08067e-014
20 31 6.23416e-018
20 43 5.96311e-019
20 55 -2.1684e-019
20 67 3.38813e-019
20 79 1.21973e-019
20 91 -2.56143e-018
20 103 9.48677e-020
20 115 -3.80826e-018
20 127 -1.69407e-018
20 2 0.0218218
20 4 3.79471e-018
20 5 0.311111
20 7 7.58942e-019
20 8 0.00633114
20 10 0
20 11 9.73676e-015
20 13 0
20 14 1.04037e-014
20 32 -9.56593e-015
20 33 5.31259e-018
20 34 -0.408248
20 35 8.45678e-018
20 36 -2.14488e-014
20 37 0
20 38 -1.20243e-014
20 39 -1.73472e-018
20 40 -1.27446e-014
20 45 -2.96972e-015
20 46 -3.46945e-018
20 47 -0.105409
20 48 -1.0842e-018
20 49 -5.68047e-015
20 50 -4.33681e-019
20 51 -3.10266e-015
20 52 0
20 53 -3.29074e-015
20 56 -5.89535e-018
20 57 -1.0842e-018
20 58 -9.93915e-016
20 59 -1.76183e-018
20 60 3.57787e-018
20 61 -4.60786e-019
20 62 -3.27971e-018
20 63 0
20 64 -1.35525e-019
20 69 -3.29042e-016
20 70 -1.51788e-018
20 71 -1.3417e-017
20 72 -4.33681e-019
20 73 -9.4434e-017
20 74 4.33681e-019
20 75 -3.57787e-018
20 76 0
20 77 6.77626e-019
20 80 1.13841e-018
20 81 -5.69206e-019
20 82 5.88993e-017
20 83 -1.89735e-019
20 84 -7.58942e-019
20 85 0
20 86 -8.40257e-019
20 87 0
20 88 -8.67362e-019
20 93 -3.95097e-016
20 94 -3.25261e-019
20 95 8.25484e-016
20 96 -1.35525e-019
20 97 -1.11971e-016
20 98 1.0842e-019
20 99 1.0842e-018
20 100 0
20 101 2.6563e-018
20 104 2.07354e-018
20 105 7.58942e-019
20 106 7.61137e-016
20 107 8.40257e-019
20 108 2.1684e-019
20 109 3.25261e-019
20 110 3.7405e-018
20 111 -2.1684e-019
20 112 3.11708e-018
20 117 -1.01092e-015
20 118 1.35525e-019
20 119 5.60993e-016
20 120 1.0842e-019
20 121 -2.92789e-016
20 122 2.71051e-019
20 123 5.42101e-019
20 124 0
20 125 5.42101e-019
20 128 -1.99222e-018
20 129 3.52366e-019
20 130 -1.24805e-015
20 131 3.25261e-019
20 132 3.79471e-019
20 133 -1.0842e-019
20 134 2.1684e-019
20 135 -2.1684e-019
20 136 7.04731e-019
21 0 -2.68176e-015
21 15 -4.83641e-015
21 16 4.85137e-015
21 1 2.68146e-015
21 30 3.06807e-015
21 41 7.93643e-016
21 54 9.62229e-019
21 65 -4.26905e-019
21 78 2.75794e-018
21 89 3.79471e-019
21 102 -1.43657e-018
21 113 -4.06576e-019
21 126 -2.43945e-019
21 17 -8.67362e-019
21 18 -0.0106479
21 20 -6.07153e-018
21 21 0.679654
21 23 2.08167e-017
21 24 -0.00420227
21 26 -1.73472e-018
21 27 2.51067e-014
21 29 -1.73472e-018
21 31 -3.06856e-015
21 43 7.94259e-016
21 55 -1.21973e-019
21 67 -2.98156e-019
21 79 -1.96512e-018
21 91 9.48677e-020
21 103 7.31836e-019
21 115 -5.01444e-019
21 127 -4.33681e-019
21 2 1.82281e-018
21 4 0.0106479
21 5 8.13152e-019
21 7 0.320346
21 8 -8.06375e-019
21 10 0.00420227
21 11 1.95156e-018
21 13 1.25546e-014
21 14 -1.24683e-018
21 32 7.72494e-019
21 33 -1.27952e-014
21 34 -4.5401e-018
21 35 -0.408248
21 36 2.1684e-018
21 37 -1.6084e-014
21 38 -4.33681e-019
21 39 -1.53588e-014
21 40 -8.67362e-019
21 45 4.33681e-019
21 46 -3.54397e-015
21 47 1.50433e-018
21 48 -0.105409
21 49 2.38524e-018
21 50 -4.24462e-015
21 51 -8.80914e-019
21 52 -3.9684e-015
21 53 -8.67362e-019
21 56 2.03288e-019
21 57 1.70762e-018
21 58 3.68629e-018
21 59 -9.94891e-016
21 60 0
21 61 2.33103e-018
21 62 4.33681e-019
21 63 1.81604e-018
21 64 -1.0842e-019
21 69 -2.30393e-019
21 70 -1.60218e-016
21 71 -6.50521e-019
21 72 -1.50975e-016
21 73 0
21 74 -6.49979e-017
21 75 2.43945e-019
21 76 6.23416e-019
21 77 -1.0842e-019
21 80 -2.43945e-019
21 81 -6.50521e-019
21 82 -4.06576e-019
21 83 4.53197e-017
21 84 1.27394e-018
21 85 3.79471e-019
21 86 2.1684e-019
21 87 1.46367e-018
21 88 -1.0842e-019
21 93 -7.31836e-019
21 94 -1.92934e-016
21 95 -1.65341e-018
21 96 6.60089e-016
21 97 -9.48677e-019
21 98 -7.61381e-017
21 99 -7.58942e-019
21 100 -4.33681e-019
21 101 -9.48677e-020
21 104 -4.47233e-019
21 105 1.89735e-018
21 106 1.73472e-018
21 107 7.63956e-016
21 108 1.19262e-018
21 109 3.79471e-019
21 110 -1.89735e-019
21 111 -7.86047e-019
21 112 1.0842e-019
21 117 4.06576e-019
21 118 -4.91577e-016
21 119 -8.94467e-019
21 120 1.3211e-016
21 121 -4.33681e-019
21 122 -1.92988e-016
21 123 2.43945e-019
21 124 9.75782e-019
21 125 0
21 128 -2.71051e-020
21 129 -1.89735e-019
21 130 -3.79471e-019
21 131 -1.24824e-015
21 132 1.6263e-019
21 133 5.14996e-019
21 134 -1.89735e-019
21 135 -4.87891e-019
21 136 0
23 0 -3.00307e-017
23 15 2.71051e-017
23 16 2.49366e-017
23 1 -2.97038e-017
23 30 1.07743e-018
23 41 1.3146e-018
23 54 -1.17229e-018
23 65 -8.60585e-019
23 78 1.12486e-018
23 89 -1.28749e-019
23 102 -6.91179e-019
23 113 -6.09864e-019
23 126 -8.47033e-019
23 17 1.39372e-014
23 18 -2.60209e-018
23 20 -0.00633114
23 21 2.08167e-017
23 23 0.675214
23 24 7.80626e-018
23 26 -0.00299423
23 27 -3.46945e-018
23 29 3.16379e-014
